[app/ui]
version = 7.0.1
modtime = 1519396685.160234000

[app/launcher]
version = 7.0.1
modtime = 1519396685.161522000
